%YAML:1.0
Plane: [ -1.61960459e+00, -1., 1.03464081e+02, -5.13700333e+01 ]
chessboardplane: []
