%YAML:1.0
Plane: [ 2.02684596e-01, -1., -1.03248484e-01, 3.15167904e-02 ]
chessboardplane: []
