%YAML:1.0
Plane: [ -4.99999821e-01, -1., -44739248., 1.49131275e+06 ]
Points in first: [ 3.33333325e+00, 1.66666663e+00, 3.66666652e-02,
    3.66666675e+00, 1.66666663e+00, 3.33333351e-02, 4., 1.66666675e+00,
    3.33333313e-02, 4.33333302e+00, 1.66666663e+00, 3.33333313e-02,
    3.33333325e+00, 2., 3.33333313e-02, 3.66666675e+00, 2.,
    3.33333351e-02, 4., 2., 3.33333351e-02, 4.33333349e+00, 2.,
    3.33333313e-02, 3.33333302e+00, 2.33333325e+00, 3.66666652e-02,
    3.66666675e+00, 2.33333325e+00, 3.33333313e-02, 4., 2.33333325e+00,
    3.33333313e-02, 4.33333302e+00, 2.33333325e+00, 3.33333351e-02,
    3.33333325e+00, 2.66666675e+00, 3.33333351e-02, 3.66666698e+00,
    2.66666675e+00, 3.33333351e-02, 4., 2.66666651e+00, 3.33333313e-02,
    4.33333349e+00, 2.66666675e+00, 3.33333351e-02 ]
Points in second: [ 2.33333325e+00, 1.66666663e+00, 3.66666652e-02,
    2.66666675e+00, 1.66666663e+00, 3.33333351e-02, 3., 1.66666675e+00,
    3.33333313e-02, 3.33333302e+00, 1.66666663e+00, 3.33333313e-02,
    2.33333325e+00, 2., 3.33333313e-02, 2.66666675e+00, 2.,
    3.33333351e-02, 3., 2., 3.33333351e-02, 3.33333349e+00, 2.,
    3.33333313e-02, 2.33333302e+00, 2.33333325e+00, 3.66666652e-02,
    2.66666675e+00, 2.33333325e+00, 3.33333313e-02, 3., 2.33333325e+00,
    3.33333313e-02, 3.33333302e+00, 2.33333325e+00, 3.33333351e-02,
    2.33333325e+00, 2.66666675e+00, 3.33333351e-02, 2.66666698e+00,
    2.66666675e+00, 3.33333351e-02, 3., 2.66666651e+00, 3.33333313e-02,
    3.33333349e+00, 2.66666675e+00, 3.33333351e-02 ]
