%YAML:1.0
first: [ 4.34782594e-01, 2.17391297e-01, 4.78260871e-03, 4.39999998e-01,
    2.00000003e-01, 4.00000019e-03, 4.44444448e-01, 1.85185194e-01,
    3.70370387e-03, 4.48275864e-01, 1.72413781e-01, 3.44827585e-03,
    4.34782594e-01, 2.60869563e-01, 4.34782589e-03, 4.39999998e-01,
    2.39999980e-01, 3.99999972e-03, 4.44444448e-01, 2.22222224e-01,
    3.70370364e-03, 4.48275864e-01, 2.06896544e-01, 3.44827562e-03,
    4.34782624e-01, 3.04347843e-01, 4.78260918e-03, 4.39999968e-01,
    2.80000001e-01, 3.99999972e-03, 4.44444418e-01, 2.59259254e-01,
    3.70370387e-03, 4.48275864e-01, 2.41379306e-01, 3.44827585e-03,
    4.34782624e-01, 3.47826093e-01, 4.34782635e-03, 4.39999998e-01,
    3.19999993e-01, 4.00000019e-03, 4.44444448e-01, 2.96296299e-01,
    3.70370387e-03, 4.48275864e-01, 2.75862068e-01, 3.44827585e-03 ]
second: [ 1.43478262e+00, -2.17391297e-01, -4.78260871e-03,
    1.44000006e+00, -2.00000003e-01, -4.00000019e-03, 1.44444442e+00,
    -1.85185194e-01, -3.70370387e-03, 1.44827580e+00, -1.72413781e-01,
    -3.44827585e-03, 1.43478262e+00, -2.60869563e-01, -4.34782589e-03,
    1.44000006e+00, -2.39999980e-01, -3.99999972e-03, 1.44444442e+00,
    -2.22222224e-01, -3.70370364e-03, 1.44827580e+00, -2.06896544e-01,
    -3.44827562e-03, 1.43478262e+00, -3.04347843e-01, -4.78260918e-03,
    1.43999994e+00, -2.80000001e-01, -3.99999972e-03, 1.44444442e+00,
    -2.59259254e-01, -3.70370387e-03, 1.44827580e+00, -2.41379306e-01,
    -3.44827585e-03, 1.43478262e+00, -3.47826093e-01, -4.34782635e-03,
    1.44000006e+00, -3.19999993e-01, -4.00000019e-03, 1.44444442e+00,
    -2.96296299e-01, -3.70370387e-03, 1.44827580e+00, -2.75862068e-01,
    -3.44827585e-03 ]
