%YAML:1.0
trackedFeatures: [ 522., 202., 562., 202., 602., 202., 642., 202., 522.,
    242., 562., 242., 602., 242., 642., 242., 522., 282., 562., 282.,
    602., 282., 642., 282., 522., 322., 562., 322., 602., 322., 642.,
    322. ]
bootstrap_kp: [ 402., 202., 442., 202., 482., 202., 522., 202., 402.,
    242., 442., 242., 482., 242., 522., 242., 402., 282., 442., 282.,
    482., 282., 522., 282., 402., 322., 442., 322., 482., 322., 522.,
    322. ]
normalizedTrackedPts: !!opencv-matrix
   rows: 16
   cols: 1
   dt: "2f"
   data: [ 130., 50., 140., 50., 150., 50., 160., 50., 130., 60., 140.,
       60., 150., 60., 160., 60., 130., 70., 140., 70., 150., 70., 160.,
       70., 130., 80., 140., 80., 150., 80., 160., 80. ]
normalizedBootstrapPts: !!opencv-matrix
   rows: 16
   cols: 1
   dt: "2f"
   data: [ 100., 50., 110., 50., 120., 50., 130., 50., 100., 60., 110.,
       60., 120., 60., 130., 60., 100., 70., 110., 70., 120., 70., 130.,
       70., 100., 80., 110., 80., 120., 80., 130., 80. ]
homogenous: !!opencv-matrix
   rows: 4
   cols: 16
   dt: f
   data: [ -3.26429784e-01, -3.23266000e-01, -3.20627183e-01,
       -3.18351597e-01, -3.37053329e-01, -3.32624912e-01,
       -3.29088748e-01, -3.26147050e-01, -3.49081069e-01,
       -3.42861116e-01, -3.38101625e-01, -3.34281921e-01,
       -3.63330424e-01, -3.54450911e-01, -3.47972184e-01,
       -3.42969328e-01, 4.51115340e-01, 4.47193980e-01, 4.43967164e-01,
       4.41211492e-01, 4.66708958e-01, 4.60924059e-01, 4.56363201e-01,
       4.52609986e-01, 4.84263033e-01, 4.75886166e-01, 4.69539702e-01,
       4.64494795e-01, 5.04904389e-01, 4.92733210e-01, 4.83914733e-01,
       4.77155507e-01, -8.45896197e-04, -9.36074299e-04, -9.89740947e-04,
       -1.01851835e-03, -4.58512513e-04, -6.01671461e-04,
       -7.00176344e-04, -7.66816025e-04, -1.06132873e-04,
       -2.91502132e-04, -4.26877319e-04, -5.25628857e-04, 2.10878483e-04,
       -8.46317744e-06, -1.73667155e-04, -2.98942789e-04, 8.30624998e-01,
       8.33975852e-01, 8.36714029e-01, 8.39037359e-01, 8.17665935e-01,
       8.22744966e-01, 8.26699913e-01, 8.29922736e-01, 8.02266598e-01,
       8.09925020e-01, 8.15609932e-01, 8.20060909e-01, 7.82983065e-01,
       7.94719160e-01, 8.02958190e-01, 8.09131980e-01 ]
normal: !!opencv-matrix
   rows: 16
   cols: 1
   dt: "3f"
   data: [ -3.92992973e-01, 5.43103516e-01, -1.01838517e-03,
       -3.87620330e-01, 5.36219299e-01, -1.12242368e-03, -3.83198053e-01,
       5.30607998e-01, -1.18289038e-03, -3.79424840e-01, 5.25854409e-01,
       -1.21391308e-03, -4.12213981e-01, 5.70781946e-01, -5.60757762e-04,
       -4.04286772e-01, 5.60227156e-01, -7.31297652e-04, -3.98075223e-01,
       5.52030087e-01, -8.46953481e-04, -3.92984867e-01, 5.45364022e-01,
       -9.23960761e-04, -4.35118526e-01, 6.03618562e-01, -1.32291272e-04,
       -4.23324525e-01, 5.87568164e-01, -3.59912490e-04, -4.14538383e-01,
       5.75691462e-01, -5.23384137e-04, -4.07630593e-01, 5.66415012e-01,
       -6.40963204e-04, -4.64033574e-01, 6.44847155e-01, 2.69326993e-04,
       -4.46007758e-01, 6.20009243e-01, -1.06492680e-05, -4.33362752e-01,
       6.02664888e-01, -2.16284170e-04, -4.23873156e-01, 5.89712799e-01,
       -3.69461079e-04 ]
