%YAML:1.0
first: [ 3.33333325e+00, 1.66666663e+00, 3.66666652e-02, 3.66666675e+00,
    1.66666663e+00, 3.33333351e-02, 4., 1.66666675e+00, 3.33333313e-02,
    4.33333302e+00, 1.66666663e+00, 3.33333313e-02, 3.33333325e+00, 2.,
    3.33333313e-02, 3.66666675e+00, 2., 3.33333351e-02, 4., 2.,
    3.33333351e-02, 4.33333349e+00, 2., 3.33333313e-02, 3.33333302e+00,
    2.33333325e+00, 3.66666652e-02, 3.66666675e+00, 2.33333325e+00,
    3.33333313e-02, 4., 2.33333325e+00, 3.33333313e-02, 4.33333302e+00,
    2.33333325e+00, 3.33333351e-02, 3.33333325e+00, 2.66666675e+00,
    3.33333351e-02, 3.66666698e+00, 2.66666675e+00, 3.33333351e-02, 4.,
    2.66666651e+00, 3.33333313e-02, 4.33333349e+00, 2.66666675e+00,
    3.33333351e-02 ]
second: [ 2.33333325e+00, 1.66666663e+00, 3.66666652e-02, 2.66666675e+00,
    1.66666663e+00, 3.33333351e-02, 3., 1.66666675e+00, 3.33333313e-02,
    3.33333302e+00, 1.66666663e+00, 3.33333313e-02, 2.33333325e+00, 2.,
    3.33333313e-02, 2.66666675e+00, 2., 3.33333351e-02, 3., 2.,
    3.33333351e-02, 3.33333349e+00, 2., 3.33333313e-02, 2.33333302e+00,
    2.33333325e+00, 3.66666652e-02, 2.66666675e+00, 2.33333325e+00,
    3.33333313e-02, 3., 2.33333325e+00, 3.33333313e-02, 3.33333302e+00,
    2.33333325e+00, 3.33333351e-02, 2.33333325e+00, 2.66666675e+00,
    3.33333351e-02, 2.66666698e+00, 2.66666675e+00, 3.33333351e-02, 3.,
    2.66666651e+00, 3.33333313e-02, 3.33333349e+00, 2.66666675e+00,
    3.33333351e-02 ]
rvec: [ 0., 0., 0. ]
tvec: [ 0., 0., 0. ]
reprojected: [ 3.65636383e+02, 1.83818192e+02, 4.41999939e+02,
    2.01999969e+02, 4.82000031e+02, 202., 522., 202., 4.01999969e+02,
    2.41999985e+02, 4.41999969e+02, 2.41999969e+02, 4.81999969e+02,
    2.41999985e+02, 522., 2.41999985e+02, 3.65636322e+02, 2.56545471e+02,
    442., 282., 4.81999969e+02, 282., 5.21999939e+02, 2.81999969e+02,
    4.01999969e+02, 322., 442., 322., 482., 322., 522., 322. ]
Points: [ 3.33333325e+00, 1.66666663e+00, 3.66666652e-02, 3.66666675e+00,
    1.66666663e+00, 3.33333351e-02, 4., 1.66666675e+00, 3.33333313e-02,
    4.33333302e+00, 1.66666663e+00, 3.33333313e-02, 3.33333325e+00, 2.,
    3.33333313e-02, 3.66666675e+00, 2., 3.33333351e-02, 4., 2.,
    3.33333351e-02, 4.33333349e+00, 2., 3.33333313e-02, 3.33333302e+00,
    2.33333325e+00, 3.66666652e-02, 3.66666675e+00, 2.33333325e+00,
    3.33333313e-02, 4., 2.33333325e+00, 3.33333313e-02, 4.33333302e+00,
    2.33333325e+00, 3.33333351e-02, 3.33333325e+00, 2.66666675e+00,
    3.33333351e-02, 3.66666698e+00, 2.66666675e+00, 3.33333351e-02, 4.,
    2.66666651e+00, 3.33333313e-02, 4.33333349e+00, 2.66666675e+00,
    3.33333351e-02 ]
