%YAML:1.0
trackedFeatures: [ 522., 202., 562., 202., 602., 202., 642., 202., 522.,
    242., 562., 242., 602., 242., 642., 242., 522., 282., 562., 282.,
    602., 282., 642., 282., 522., 322., 562., 322., 602., 322., 642.,
    322. ]
bootstrap_kp: [ 402., 202., 442., 202., 482., 202., 522., 202., 402.,
    242., 442., 242., 482., 242., 522., 242., 402., 282., 442., 282.,
    482., 282., 522., 282., 402., 322., 442., 322., 482., 322., 522.,
    322. ]
normalizedTrackedPts: !!opencv-matrix
   rows: 16
   cols: 1
   dt: "2f"
   data: [ 130., 50., 140., 50., 150., 50., 160., 50., 130., 60., 140.,
       60., 150., 60., 160., 60., 130., 70., 140., 70., 150., 70., 160.,
       70., 130., 80., 140., 80., 150., 80., 160., 80. ]
normalizedBootstrapPts: !!opencv-matrix
   rows: 16
   cols: 1
   dt: "2f"
   data: [ 100., 50., 110., 50., 120., 50., 130., 50., 100., 60., 110.,
       60., 120., 60., 130., 60., 100., 70., 110., 70., 120., 70., 130.,
       70., 100., 80., 110., 80., 120., 80., 130., 80. ]
homogenous: !!opencv-matrix
   rows: 4
   cols: 16
   dt: f
   data: [ 3.26506704e-01, 3.23363185e-01, 3.20742965e-01,
       3.18483114e-01, 3.37089777e-01, 3.32672626e-01, 3.29150885e-01,
       3.26224118e-01, 3.49105746e-01, 3.42886329e-01, 3.38132799e-01,
       3.34322780e-01, 3.63347709e-01, 3.54470909e-01, 3.47991228e-01,
       3.42990965e-01, -4.51215714e-01, -4.47321832e-01, -4.44120675e-01,
       -4.41386968e-01, -4.66757268e-01, -4.60986763e-01,
       -4.56445187e-01, -4.52712297e-01, -4.84297872e-01,
       -4.75920260e-01, -4.69581068e-01, -4.64548856e-01,
       -5.04930556e-01, -4.92761910e-01, -4.83941019e-01,
       -4.77184534e-01, 7.68246653e-04, 8.72356293e-04, 9.36867262e-04,
       9.74174531e-04, 3.80177080e-04, 5.36408857e-04, 6.45379187e-04,
       7.20434764e-04, 2.93983812e-05, 2.26479271e-04, 3.71543691e-04,
       4.78287053e-04, -2.84175156e-04, -5.48512799e-05, 1.18982243e-04,
       2.51595367e-04, 8.30540299e-01, 8.33869696e-01, 8.36588264e-01,
       8.38895142e-01, 8.17623377e-01, 8.22690606e-01, 8.26629937e-01,
       8.29836667e-01, 8.02234828e-01, 8.09894323e-01, 8.15573215e-01,
       8.20013642e-01, 7.82958150e-01, 7.94692457e-01, 8.02934110e-01,
       8.09105694e-01 ]
normal: !!opencv-matrix
   rows: 16
   cols: 1
   dt: "3f"
   data: [ 3.93125683e-01, -5.43279767e-01, 9.24996275e-04,
       3.87786239e-01, -5.36440969e-01, 1.04615418e-03, 3.83394033e-01,
       -5.30871272e-01, 1.11986662e-03, 3.79645944e-01, -5.26152730e-01,
       1.16125902e-03, 4.12280023e-01, -5.70870757e-01, 4.64978250e-04,
       4.04371500e-01, -5.60340405e-01, 6.52017770e-04, 3.98184091e-01,
       -5.52175999e-01, 7.80735340e-04, 3.93118471e-01, -5.45543849e-01,
       8.68164527e-04, 4.35166508e-01, -6.03685915e-01, 3.66456043e-05,
       4.23371673e-01, -5.87632537e-01, 2.79640517e-04, 4.14595246e-01,
       -5.75768113e-01, 4.55561414e-04, 4.07703936e-01, -5.66513598e-01,
       5.83267189e-04, 4.64070410e-01, -6.44901097e-01, -3.62950639e-04,
       4.46047932e-01, -6.20066166e-01, -6.90220259e-05, 4.33399498e-01,
       -6.02715731e-01, 1.48184321e-04, 4.23913658e-01, -5.89767873e-01,
       3.10954871e-04 ]
rvec: [ 0., 0., 0. ]
tvec: [ 0., 0., 0. ]
reprojected: [ 1.70200977e+03, -2.34732739e+03, 1.48471167e+03,
    -2.04909717e+03, 1.37142749e+03, -1.89419470e+03, 1.30970459e+03,
    -1.81035266e+03, 3.54866064e+03, -4.90894580e+03, 2.48273901e+03,
    -3.43557739e+03, 2.04204651e+03, -2.82700488e+03, 1.81326257e+03,
    -2.51155054e+03, 4.75019961e+04, -6.58925000e+04, 6.05794189e+03,
    -8.40354199e+03, 3.64230176e+03, -5.05345996e+03, 2.79800122e+03,
    -3.88310522e+03, -5.11241895e+03, 7.10931445e+03, -2.58475996e+04,
    3.59363945e+04, 1.17009297e+04, -1.62673525e+04, 5.45505713e+03,
    -7.58453955e+03 ]
