%YAML:1.0
rvec: !!opencv-matrix
   rows: 3
   cols: 1
   dt: d
   data: [ -1.4370218829743087e-01, -6.5570612580786336e-01,
       -2.8873033586090426e+00 ]
tvec: !!opencv-matrix
   rows: 3
   cols: 1
   dt: d
   data: [ 6.5660723946142197e+00, 5.3574301689114936e+00,
       1.8923679954553204e+01 ]
