%YAML:1.0
rvec: !!opencv-matrix
   rows: 3
   cols: 1
   dt: d
   data: [ -2.7816759368601857e-01, -2.6362480425933221e-01,
       -1.3345207586823111e+00 ]
tvec: !!opencv-matrix
   rows: 3
   cols: 1
   dt: d
   data: [ -6.7755697793424750e+00, -1.3987766550035501e+00,
       2.7229175917402401e+01 ]
rmat: !!opencv-matrix
   rows: 3
   cols: 3
   dt: f
   data: [ 2.14186907e-01, 9.76359785e-01, -2.90777832e-02,
       -9.14077222e-01, 2.10840926e-01, 3.46422911e-01, 3.44364226e-01,
       -4.76198941e-02, 9.37627733e-01 ]
