%YAML:1.0
rvec: !!opencv-matrix
   rows: 3
   cols: 1
   dt: d
   data: [ -1.7308988951948134e-01, -8.2608571217241333e-01,
       -2.9033564624951556e+00 ]
tvec: !!opencv-matrix
   rows: 3
   cols: 1
   dt: d
   data: [ 5.6423060649556334e+00, 5.2938451548567969e+00,
       1.8719126351699437e+01 ]
