%YAML:1.0
R: !!opencv-matrix
   rows: 3
   cols: 1
   dt: f
   data: [ 6.67739582e+00, 4.09789181e+00, 3.35863342e+01 ]
T: !!opencv-matrix
   rows: 3
   cols: 3
   dt: f
   data: [ 1.29843578e-01, 9.91376221e-01, 1.77148711e-02,
       -7.82511592e-01, 9.14828181e-02, 6.15878642e-01, 6.08946800e-01,
