%YAML:1.0
Findamental: !!opencv-matrix
   rows: 3
   cols: 3
   dt: f
   data: [ 7.06584274e-07, 4.88614023e-05, -1.11612929e-02,
       -4.63019205e-05, -2.92306117e-06, 1.86119899e-02, 1.09302923e-02,
       -2.35164836e-02, 1. ]
cameraMatrix: !!opencv-matrix
   rows: 3
   cols: 3
   dt: f
   data: [ 5.23650085e+02, 0., 3.11953369e+02, 0., 5.19498352e+02,
       2.26746582e+02, 0., 0., 1. ]
Essential: !!opencv-matrix
   rows: 3
   cols: 3
   dt: f
   data: [ 1.93752050e-01, 1.32920284e+01, 7.24124908e-02,
       -1.25957594e+01, -7.88871467e-01, 1.82092237e+00, 3.41373473e-01,
       -4.64265203e+00, -8.46203566e-02 ]
R1: !!opencv-matrix
   rows: 3
   cols: 3
   dt: f
   data: [ 3.70002905e-04, 2.55862772e-02, -5.84461212e+00,
       -2.40537710e-02, -1.51852542e-03, 9.66889763e+00, 6.51911425e-04,
       -8.93679820e-03, 1.73840213e+00 ]
20510435e-01, -6.12857416e-02, -2.75336150e-02, 5.22000670e-01,
    -4.90137041e-02, -2.62922086e-02, 5.18803537e-01, -3.00971996e-02,
    -2.59372443e-02, 5.17469466e-01, -9.19529870e-02, -2.61227097e-02,
    5.26044726e-01, -5.60483895e-02, -2.54351702e-02, 5.19500971e-01,
    -4.20388058e-02, -2.51760148e-02, 5.18163145e-01, -7.75850713e-02,
    -2.48508491e-02, 5.23936093e-01, -2.90807355e-02, -2.24814042e-02,
    5.14597356e-01, -2.30397545e-02, -2.23595500e-02, 5.11847377e-01,
    -1.09354891e-01, -2.33964007e-02, 5.27334154e-01, -1.35051757e-01,
    -2.33487170e-02, 5.33460438e-01, -1.26556501e-01, -2.26879008e-02,
    5.31774938e-01, -5.20961992e-02, -2.14063618e-02, 5.18948257e-01,
    -3.70173939e-02, -2.06534900e-02, 5.15135467e-01, -3.30599695e-02,
    -2.05894597e-02, 5.14820457e-01, -2.53191940e-03, -2.00884249e-02,
    5.11518538e-01, -1.10746600e-01, -2.13995632e-02, 5.28969765e-01,
    -9.81978625e-02, -2.16931887e-02, 5.27060390e-01, -2.91250870e-02,
    -1.95482578e-02, 5.14529645e-01, -2.41972059e-02, -1.94718093e-02,
    5.14271080e-01, -1.82949193e-02, -1.93812177e-02, 5.14086545e-01,
    3.31817311e-03, -1.90373305e-02, 5.11878610e-01, -1.68306619e-01,
    -2.18426641e-02, 5.38649559e-01, -1.23360781e-02, -1.82996616e-02,
    5.11319041e-01, -9.40411072e-03, -1.82565413e-02, 5.11302114e-01,
    -2.59466982e-03, -1.76286660e-02, 5.04810214e-01, -1.24472715e-01,
    -1.95853375e-02, 5.31329513e-01, -1.03471756e-01, -1.82408560e-02,
    5.27675033e-01, -4.00504358e-02, -1.67716742e-02, 5.15302479e-01,
    -2.70626023e-02, -1.65675543e-02, 5.11923373e-01, -8.35684538e-02,
    -1.69237815e-02, 5.22906899e-01, -7.84893632e-02, -1.63504779e-02,
    5.21993995e-01, -2.66955397e-03, -1.47606740e-02, 5.07826924e-01,
    6.06476888e-03, -1.46504901e-02, 5.08102894e-01, -1.29476070e-01,
    -1.65832043e-02, 5.30830026e-01, -1.63738914e-02, -1.39914779e-02,
    5.10949492e-01, -1.43357534e-02, -1.39433872e-02, 5.08146882e-01,
    -1.70565978e-01, -1.66634656e-02, 5.38982034e-01, -1.13972843e-01,
    -1.53506547e-02, 5.29377639e-01, -9.05253589e-02, -1.45012662e-02,
    5.22230148e-01, -7.95223042e-02, -1.38614858e-02, 5.22201955e-01,
    3.10629699e-03, -1.18000479e-02, 5.07884562e-01, -1.02193184e-01,
    -1.31545216e-02, 5.25826573e-01, -8.26032683e-02, -1.29004847e-02,
    5.22636473e-01, -4.91049215e-02, -1.14798360e-02, 5.15974164e-01,
    -3.42229791e-02, -1.13032274e-02, 5.14480948e-01, -3.16934101e-02,
    -1.13276653e-02, 5.21229327e-01, -1.54389180e-02, -1.10668167e-02,
    5.10865331e-01, -1.18965097e-01, -1.18443435e-02, 5.28713465e-01,
    -1.08141415e-01, -1.22093586e-02, 5.25363088e-01, -4.61308397e-02,
    -1.04592461e-02, 5.15621483e-01, -4.21272442e-02, -1.09012472e-02,
    5.15326560e-01, -1.39498278e-01, -1.15934899e-02, 5.33921957e-01,
    -1.05373442e-01, -9.65207815e-03, 5.26237965e-01, -6.31602854e-02,
    -8.67160875e-03, 5.17758131e-01, -5.07039912e-02, -9.00173746e-03,
    5.12130976e-01, -5.41269071e-02, -8.07772763e-03, 5.16599953e-01,
    -3.41217518e-02, -7.36747542e-03, 5.12106001e-01, -3.16021480e-02,
    -7.39366747e-03, 5.18877506e-01, -2.41800398e-02, -7.25022936e-03,
    5.08731306e-01, -1.22161381e-01, -8.31378624e-03, 5.29270530e-01,
    -5.81640005e-02, -6.63721468e-03, 5.17044187e-01, -4.50007394e-02,
    -6.49369089e-03, 5.13315558e-01, -4.10414040e-02, -6.45517092e-03,
    5.12838244e-01, -5.41570485e-02, -6.10111048e-03, 5.16545177e-01,
    -4.65899929e-02, -5.98885957e-03, 5.09318352e-01, -3.77670601e-02,
    -4.91923140e-03, 5.07907808e-01, -6.72630360e-03, -4.66907676e-03,
    5.07549286e-01, 5.79353049e-03, -4.51444229e-03, 5.00655532e-01,
    -1.00960776e-01, -5.55167999e-03, 5.23872435e-01, 1.98234641e-03,
    -4.08810750e-03, 5.04212320e-01, -4.80168946e-02, -3.56740970e-03,
    5.13649881e-01, -4.28850017e-02, -3.01837106e-03, 5.10848641e-01,
    -3.33455056e-02, -3.46134789e-03, 5.14269948e-01, -1.32479668e-01,
    -3.80420289e-03, 5.29784203e-01, -5.00173196e-02, -2.59822677e-03,
    5.13898373e-01, -4.05592285e-02, -2.47817812e-03, 5.06062329e-01,
    -3.81340496e-02, -2.50421767e-03, 5.12431979e-01, -2.70551089e-02,
    -1.89746392e-03, 5.06457329e-01, -8.65152478e-03, -1.76160061e-03,
    5.04641056e-01, -8.14695507e-02, -2.36468064e-03, 5.20457387e-01,
    -6.20114319e-02, -1.70325569e-03, 5.15607715e-01, -3.32534388e-02,
    -8.95443896e-04, 4.97755170e-01, -5.50230704e-02, -6.61818718e-04,
    5.14560342e-01, -4.80571352e-02, -6.12472068e-04, 5.13603210e-01,
    -4.39051688e-02, -7.81269846e-05, 5.10988057e-01, -1.64037514e-02,
    1.22048747e-04, 5.05273938e-01, -1.32862791e-01, -7.41185097e-04,
    5.31138420e-01, -1.28266394e-01, -7.00285309e-04, 5.28910518e-01,
    -3.84717016e-03, 1.64280925e-03, 5.04571140e-01, -1.00735128e-01,
    1.02373888e-03, 5.22224545e-01, -1.13543794e-01, 1.43738522e-03,
    5.26055932e-01, -1.65304095e-02, 3.01154284e-03, 5.07993460e-01,
    -1.24728428e-02, 3.55488830e-03, 5.02312183e-01, -1.27252936e-01,
    3.39408475e-03, 5.28648674e-01, -1.11477606e-01, 3.98769742e-03,
    5.25688648e-01, -4.49479856e-02, 4.83029755e-03, 5.11130750e-01,
    -1.63380075e-02, 5.47438534e-03, 5.02811670e-01, -1.35643510e-02,
    4.98257950e-03, 5.04992485e-01, -8.74006562e-03, 5.00214472e-03,
    5.04604578e-01, -5.76554006e-03, 5.51518844e-03, 5.01727343e-01,
    -5.78617118e-02, 5.76049834e-03, 5.13075054e-01, 2.84423330e-03,
    6.50630658e-03, 5.01188636e-01, -1.09093167e-01, 6.03443710e-03,
    5.23760378e-01, -1.12555526e-01, 7.02615082e-03, 5.25861144e-01,
    -5.19129299e-02, 7.75707420e-03, 5.12149930e-01, -4.99288440e-02,
    7.76333641e-03, 5.11851549e-01, 4.74150525e-03, 8.43065232e-03,
    5.01171827e-01, -1.17806263e-01, 8.02372117e-03, 5.26842654e-01,
    -1.00473152e-03, 9.38047748e-03, 5.01496792e-01, -9.87578332e-02,
    9.10123531e-03, 5.21778464e-01, -9.12614986e-02, 9.13049933e-03,
    5.18804014e-01, -8.64341930e-02, 9.13481321e-03, 5.19531965e-01,
    -7.11882189e-02, 9.67299752e-03, 5.17075360e-01, -5.85011858e-03,
    1.03140548e-02, 5.04876196e-01, -1.32623434e-01, 1.00230454e-02,
    5.29694498e-01, 3.75739485e-03, 1.13317510e-02, 4.97954071e-01,
    -8.41214806e-02, 1.16545772e-02, 5.17609000e-01, -3.10669392e-02,
    1.22273127e-02, 5.07340074e-01, -1.44619672e-02, 1.22581916e-02,
    5.02805293e-01, -1.29110798e-01, 1.20822173e-02, 5.27647913e-01,
    -9.33253020e-02, 1.41554242e-02, 5.19502580e-01, -2.31632460e-02,
    1.41948313e-02, 5.03934503e-01, -1.82183422e-02, 1.42123438e-02,
    5.00682831e-01, -1.25968173e-01, 1.51474234e-02, 5.26997149e-01,
    -8.55015032e-03, 1.66222025e-02, 5.00206888e-01, -4.48373482e-02,
    1.71246026e-02, 5.09388030e-01, -2.23488100e-02, 1.70925464e-02,
    5.06393969e-01, -7.80590102e-02, 1.81502122e-02, 5.16770244e-01,
    -5.67245185e-02, 1.81268267e-02, 5.11307418e-01, -3.11167017e-02,
    1.80813484e-02, 5.07466435e-01, -1.36910141e-01, 1.87739506e-02,
    5.22837698e-01, -8.18476677e-02, 1.91658624e-02, 5.15801549e-01,
    -3.58348414e-02, 1.90818813e-02, 5.05904615e-01, -2.38004383e-02,
    1.95743442e-02, 4.99890447e-01, -1.33425176e-01, 1.92412566e-02,
