%YAML:1.0
first: [ 7.30259418e+00, -1.10820951e+01, 6.54685745e+01, 9.21904564e+00,
    -9.38154697e+00, 6.24438744e+01, 1.12125273e+01, -1.10029230e+01,
    7.42115936e+01, 6.17076206e+00, -3.39234185e+00, 2.27629738e+01,
    7.75196362e+00, -8.83780575e+00, 6.01553574e+01, 2.03948555e+01,
    -8.26243210e+00, 6.03611755e+01, 1.53832760e+01, -1.04355907e+01,
    7.71173401e+01, 8.59547138e+00, -1.13774261e+01, 8.55052109e+01,
    1.03919525e+01, -6.72350740e+00, 5.11647186e+01, 3.78687358e+00,
    -2.65528274e+00, 2.03721294e+01, 2.38466721e+01, -1.01387749e+01,
    7.73849335e+01, 2.05014248e+01, -7.44577074e+00, 5.69260559e+01,
    -5.41352844e+00, 2.95360088e+00, -2.28316326e+01, 2.02186718e+01,
    -7.09980392e+00, 5.51971283e+01, 7.03208733e+00, -3.86598158e+00,
    3.08814678e+01, 1.38699903e+01, -4.73195553e+00, 3.77398109e+01,
    4.14766264e+00, -2.20886970e+00, 1.80209503e+01, 5.60479689e+00,
    -4.98576736e+00, 4.10708885e+01, 1.66002407e+01, -5.54651213e+00,
    4.53145905e+01, 2.76771774e+01, -9.04134464e+00, 7.40498276e+01,
    9.26275179e-02, -4.44356091e-02, 3.72078329e-01, 8.90184283e-01,
    -4.43853647e-01, 3.76316929e+00, 2.67283010e+00, -1.47492731e+00,
    1.26152382e+01, 6.84415722e+00, -3.19084430e+00, 2.72230911e+01,
    1.69383411e+01, -5.03227758e+00, 4.33120766e+01, -4.16323757e+00,
    2.08144593e+00, -1.81674213e+01, -1.21478498e+00, 5.96172750e-01,
    -5.19113159e+00, -4.00585175e+00, 1.83642447e+00, -1.61619396e+01,
    7.34451199e+00, -6.18603945e+00, 5.74287758e+01, 9.78787422e+00,
    -1.11627922e+01, 1.04924446e+02, 2.50082283e+01, -6.74764967e+00,
    6.35423164e+01, 4.49771786e+00, -2.72248816e+00, 2.60911484e+01,
    2.29978867e+01, -5.84000254e+00, 6.19182968e+01, 6.53722525e+00,
    -3.80508709e+00, 4.18232918e+01, 2.16717472e+01, -5.19235897e+00,
    5.68475609e+01, 6.16274738e+00, -6.24624825e+00, 6.97536697e+01,
    4.49282169e+00, -4.27217340e+00, 5.00777397e+01, 4.42841339e+00,
    -4.03332520e+00, 4.73768654e+01, 4.89575815e+00, -4.14248371e+00,
    4.85449181e+01, 6.38389254e+00, -4.22961712e+00, 4.93962021e+01,
    4.20059700e+01, -9.00251293e+00, 1.05389908e+02, 5.97137299e+01,
    -1.81027908e+01, 2.16286499e+02, 3.38123631e+00, -2.44772100e+00,
    2.98772068e+01, 4.63804197e+00, -3.63893247e+00, 4.49415016e+01,
    3.62612009e+00, -3.11450553e+00, 3.93213463e+01, 6.27232647e+00,
    -4.64004993e+00, 5.93059235e+01, 7.18968821e+00, -4.98417854e+00,
    6.35532150e+01, 3.41078115e+00, -2.32632160e+00, 2.95321636e+01,
    -4.27262112e-02, 8.28154013e-03, -1.05866842e-01, 4.63031197e+00,
    -2.51152825e+00, 3.30018044e+01, 4.42256260e+00, -2.33135557e+00,
    3.06946507e+01, 4.44632530e+01, -2.24284515e+01, 3.03705475e+02,
    3.35635591e+00, -1.61432993e+00, 2.18276482e+01, 2.42385273e+01,
    -6.45439625e+00, 8.74155807e+01, 2.40559101e+01, -1.16102629e+01,
    1.60179779e+02, 5.72205305e+00, -2.92529941e+00, 4.11328659e+01,
    5.58107042e+00, -2.36005068e+00, 3.37926025e+01, 2.52341118e+01,
    -6.31839991e+00, 9.02593765e+01, 6.75338078e+00, -2.75934291e+00,
    4.00385742e+01, 2.75713654e+01, -4.77579975e+00, 6.89625168e+01,
    5.99518967e+00, -2.34691715e+00, 3.52908325e+01, -2.21665916e+01,
    6.38895512e+00, -9.75461960e+01, 7.77147055e+00, -3.42088652e+00,
    5.54502907e+01, 1.10609989e+01, -3.92825246e+00, 6.37342567e+01,
    4.92784882e+00, -1.53232849e+00, 2.48572617e+01, 5.79265451e+00,
    -1.82829821e+00, 3.01865139e+01, 9.19400215e+00, -2.88488173e+00,
    4.87924347e+01, 7.33599854e+00, -2.33194757e+00, 4.11040230e+01,
    6.12929106e+00, -1.97585666e+00, 3.63669777e+01, -3.09123397e-01,
    5.09228818e-02, -9.92174029e-01, 1.48353004e+01, -2.35743093e+00,
    4.64203300e+01, 1.89568672e+01, -2.83303809e+00, 5.83859138e+01,
    -3.93964529e-01, 5.23333885e-02, -1.28885758e+00, 4.96996574e+01,
    -1.31213057e+00, 1.26596519e+02, 2.11226368e+01, -5.39915144e-01,
    5.34933167e+01, 1.20335894e+01, -3.30390185e-01, 4.46484947e+01,
    3.51638412e+01, -1.62060484e-01, 1.03606697e+02, 2.84289150e+01,
    1.86829753e-02, 8.06780548e+01, 2.78381939e+01, 3.71403247e-01,
    7.83559189e+01, 2.43562908e+01, 7.24940360e-01, 6.16437836e+01,
    3.14172974e+01, 1.64205837e+00, 7.95583572e+01, 3.23008919e+01,
    2.71369576e+00, 1.22769135e+02, 1.31682386e+01, 1.52957296e+00,
    4.99458656e+01, 2.84463634e+01, 2.47132635e+00, 8.03970947e+01,
    2.39184895e+01, 2.13950014e+00, 6.66937103e+01, 2.50945950e+01,
    2.98293710e+00, 8.61705093e+01, 2.23984032e+01, 3.43119121e+00,
    8.46815872e+01, 5.98179359e+01, 8.39712143e+00, 2.06826874e+02,
    2.08936214e+01, 3.85726404e+00, 7.84011459e+01, 6.13507318e+00,
    3.85933590e+00, 7.42953262e+01, 3.18166733e+01, 6.00804853e+00,
    1.13796509e+02, 4.67157984e+00, 3.02590156e+00, 5.60169868e+01,
    2.42881608e+00, 2.88457799e+00, 5.09621315e+01, 1.80622234e+01,
    4.00340223e+00, 6.79276047e+01, 1.05572891e+01, 2.35505462e+00,
    3.82369728e+01, 1.72134647e+01, 4.01506042e+00, 6.16292725e+01,
    3.39223175e+01, 1.33016672e+01, 9.08574219e+01, 4.21928024e+01,
    1.87209606e+01, 1.13286514e+02 ]
