%YAML:1.0
cameraMatrix: !!opencv-matrix
   rows: 3
   cols: 3
   dt: d
   data: [ 8.0914049666767994e+02, 0., 2.8956500834047540e+02, 0.,
       8.1323164273747057e+02, 2.6611165911595521e+02, 0., 0., 1. ]
distortionCoeff: !!opencv-matrix
   rows: 5
   cols: 1
   dt: d
   data: [ 2.1989117434070754e-02, -2.6466909880062051e-01,
       -2.1627394594179207e-03, -6.2080603453254562e-03,
       8.1688115493920987e-01 ]
calibError: 1.2651847530903455e+00
