%YAML:1.0
cameraMatrix: !!opencv-matrix
   rows: 3
   cols: 3
   dt: d
   data: [ 5.2365011107736768e+02, 0., 3.1195337655490886e+02, 0.,
       5.1949836096115007e+02, 2.2674658550849625e+02, 0., 0., 1. ]
distortionCoeff: !!opencv-matrix
   rows: 5
   cols: 1
   dt: d
   data: [ 5.6709367752054360e-02, -2.6817733416912448e-01,
       4.1493773696402378e-03, -1.4366890530184756e-03,
       1.6453584239352173e-01 ]
calibError: 6.1734945037238842e-01
