%YAML:1.0
Prvi: [ 3.68471924e+02, 3.86528961e+02, 3.68640259e+02, 3.64562256e+02,
    3.69508636e+02, 3.42529083e+02, 3.70466339e+02, 3.22626770e+02,
    3.71210297e+02, 3.04450165e+02, 3.71445099e+02, 2.86998871e+02,
    3.72044159e+02, 2.70577850e+02, 3.72773590e+02, 2.55516754e+02,
    3.73378998e+02, 2.41534241e+02, 3.94667358e+02, 3.90667755e+02,
    3.94538300e+02, 3.67490906e+02, 3.94496124e+02, 3.45419708e+02,
    3.94407715e+02, 3.25498260e+02, 3.94411285e+02, 3.07471985e+02,
    3.93799805e+02, 2.89835724e+02, 3.93675171e+02, 2.73436676e+02,
    3.93691711e+02, 2.57769958e+02, 3.93818604e+02, 2.43455872e+02,
    4.21463104e+02, 3.94452972e+02, 4.20444702e+02, 3.70525787e+02,
    4.19478210e+02, 3.48496704e+02, 4.18543549e+02, 3.29432556e+02,
    4.17569427e+02, 3.10502380e+02, 4.16514038e+02, 2.93389252e+02,
    4.15913300e+02, 2.76485840e+02, 4.15388092e+02, 2.60897400e+02,
    4.14469940e+02, 2.46538269e+02, 4.48488770e+02, 3.97652100e+02,
    4.46414551e+02, 3.74389526e+02, 4.44430511e+02, 3.52672516e+02,
    4.42440369e+02, 3.32477325e+02, 4.40489746e+02, 3.13739471e+02,
    4.39168243e+02, 2.96527283e+02, 4.37931854e+02, 2.79047485e+02,
    4.36521790e+02, 2.63475311e+02, 4.35084686e+02, 2.49017410e+02,
    4.75318939e+02, 4.02557800e+02, 4.71985352e+02, 3.78402496e+02,
    4.69319855e+02, 3.56477173e+02, 4.66410583e+02, 3.35926147e+02,
    4.64260651e+02, 3.17323334e+02, 4.61840942e+02, 2.99400635e+02,
    4.59483185e+02, 2.82506256e+02, 4.57552246e+02, 2.66189178e+02,
    4.55639557e+02, 2.51454239e+02, 5.02019257e+02, 4.06201080e+02,
    4.98194366e+02, 3.82580444e+02, 4.94621704e+02, 3.59483368e+02,
    4.90784149e+02, 3.39583313e+02, 4.87706421e+02, 3.20706177e+02,
    4.84565186e+02, 3.02438660e+02, 4.81505707e+02, 2.85484833e+02,
    4.79065460e+02, 2.69560303e+02, 4.75984802e+02, 2.54909454e+02 ]
Drugi: [ 0., 0., 0., 1., 0., 0., 2., 0., 0., 3., 0., 0., 4., 0., 0., 5.,
    0., 0., 6., 0., 0., 7., 0., 0., 8., 0., 0., 0., 1., 0., 1., 1., 0.,
    2., 1., 0., 3., 1., 0., 4., 1., 0., 5., 1., 0., 6., 1., 0., 7., 1.,
    0., 8., 1., 0., 0., 2., 0., 1., 2., 0., 2., 2., 0., 3., 2., 0., 4.,
    2., 0., 5., 2., 0., 6., 2., 0., 7., 2., 0., 8., 2., 0., 0., 3., 0.,
    1., 3., 0., 2., 3., 0., 3., 3., 0., 4., 3., 0., 5., 3., 0., 6., 3.,
    0., 7., 3., 0., 8., 3., 0., 0., 4., 0., 1., 4., 0., 2., 4., 0., 3.,
    4., 0., 4., 4., 0., 5., 4., 0., 6., 4., 0., 7., 4., 0., 8., 4., 0.,
    0., 5., 0., 1., 5., 0., 2., 5., 0., 3., 5., 0., 4., 5., 0., 5., 5.,
    0., 6., 5., 0., 7., 5., 0., 8., 5., 0. ]
rvec: !!opencv-matrix
   rows: 3
   cols: 1
   dt: d
   data: [ -6.2124851305626594e-01, -6.5914006251567414e-01,
       -1.3348110052856121e+00 ]
tvec: !!opencv-matrix
   rows: 3
   cols: 1
   dt: d
   data: [ 2.0892207765830770e+00, 5.9956409231776631e+00,
       1.9595297869833363e+01 ]
