%YAML:1.0
ChessBoard Plane: [ -3.26431394e-02, 3.47940087e-01, 9.36948299e-01,
    -2.71331997e+01 ]
ChessBoard Points: [ -6.75377941e+00, -1.39143908e+00, 2.71331997e+01,
    -6.54095745e+00, -2.30496812e+00, 2.74798584e+01, -6.32813549e+00,
    -3.21849704e+00, 2.78265152e+01, -6.11531401e+00, -4.13202620e+00,
    2.81731739e+01, -5.90249205e+00, -5.04555511e+00, 2.85198307e+01,
    -5.68967009e+00, -5.95908403e+00, 2.88664894e+01, -5.47684813e+00,
    -6.87261295e+00, 2.92131462e+01, -5.26402664e+00, -7.78614187e+00,
    2.95598049e+01, -5.05120468e+00, -8.69967079e+00, 2.99064636e+01,
    -5.77723360e+00, -1.18071997e+00, 2.70889702e+01, -5.56441212e+00,
    -2.09424901e+00, 2.74356289e+01, -5.35159016e+00, -3.00777793e+00,
    2.77822876e+01, -5.13876820e+00, -3.92130709e+00, 2.81289444e+01,
    -4.92594624e+00, -4.83483601e+00, 2.84756031e+01, -4.71312428e+00,
    -5.74836493e+00, 2.88222599e+01, -4.50030231e+00, -6.66189384e+00,
    2.91689186e+01, -4.28748083e+00, -7.57542276e+00, 2.95155754e+01,
    -4.07465887e+00, -8.48895168e+00, 2.98622341e+01, -4.80068827e+00,
    -9.70000923e-01, 2.70447426e+01, -4.58786631e+00, -1.88352990e+00,
    2.73913994e+01, -4.37504435e+00, -2.79705906e+00, 2.77380581e+01,
    -4.16222286e+00, -3.71058798e+00, 2.80847149e+01, -3.94940066e+00,
    -4.62411690e+00, 2.84313736e+01, -3.73657894e+00, -5.53764582e+00,
    2.87780323e+01, -3.52375698e+00, -6.45117474e+00, 2.91246891e+01,
    -3.31093502e+00, -7.36470366e+00, 2.94713478e+01, -3.09811330e+00,
    -8.27823257e+00, 2.98180046e+01, -3.82414246e+00, -7.59281874e-01,
    2.70005131e+01, -3.61132050e+00, -1.67281079e+00, 2.73471718e+01,
    -3.39849877e+00, -2.58633995e+00, 2.76938286e+01, -3.18567681e+00,
    -3.49986887e+00, 2.80404873e+01, -2.97285509e+00, -4.41339779e+00,
    2.83871441e+01, -2.76003313e+00, -5.32692671e+00, 2.87338028e+01,
    -2.54721117e+00, -6.24045563e+00, 2.90804596e+01, -2.33438969e+00,
    -7.15398455e+00, 2.94271183e+01, -2.12156773e+00, -8.06751347e+00,
    2.97737770e+01, -2.84759688e+00, -5.48562765e-01, 2.69562836e+01,
    -2.63477516e+00, -1.46209168e+00, 2.73029423e+01, -2.42195320e+00,
    -2.37562084e+00, 2.76496010e+01, -2.20913124e+00, -3.28914976e+00,
    2.79962578e+01, -1.99630928e+00, -4.20267868e+00, 2.83429165e+01,
    -1.78348732e+00, -5.11620760e+00, 2.86895733e+01, -1.57066584e+00,
    -6.02973652e+00, 2.90362320e+01, -1.35784388e+00, -6.94326544e+00,
    2.93828888e+01, -1.14502192e+00, -7.85679436e+00, 2.97295475e+01,
    -1.87105131e+00, -3.37843657e-01, 2.69120560e+01, -1.65822935e+00,
    -1.25137258e+00, 2.72587128e+01, -1.44540739e+00, -2.16490173e+00,
    2.76053715e+01, -1.23258591e+00, -3.07843065e+00, 2.79520302e+01,
    -1.01976395e+00, -3.99195957e+00, 2.82986870e+01, -8.06941986e-01,
    -4.90548849e+00, 2.86453457e+01, -5.94120026e-01, -5.81901741e+00,
    2.89920025e+01, -3.81298065e-01, -6.73254633e+00, 2.93386612e+01,
    -1.68476582e-01, -7.64607525e+00, 2.96853180e+01 ]
Object Plane: [ 2.02684596e-01, -1., -1.03248484e-01, 3.15167904e-02 ]
Object Points: [ 7.30259848e+00, -1.10821009e+01, 6.54686127e+01,
    9.21905136e+00, -9.38155174e+00, 6.24439125e+01, 1.12125397e+01,
    -1.10029345e+01, 7.42116699e+01, 6.17076111e+00, -3.39234114e+00,
    2.27629700e+01, 7.75196934e+00, -8.83781242e+00, 6.01553993e+01,
    2.03948441e+01, -8.26242733e+00, 6.03611450e+01, 1.53833008e+01,
    -1.04356070e+01, 7.71174698e+01, 8.59547806e+00, -1.13774347e+01,
    8.55052795e+01, 1.03919744e+01, -6.72352123e+00, 5.11648254e+01,
    3.78687787e+00, -2.65528584e+00, 2.03721523e+01, 2.38466358e+01,
    -1.01387596e+01, 7.73848190e+01, 2.05014153e+01, -7.44576740e+00,
    5.69260330e+01, -5.41351843e+00, 2.95359540e+00, -2.28315887e+01,
    2.02186623e+01, -7.09980059e+00, 5.51971016e+01, 7.03212833e+00,
    -3.86600423e+00, 3.08816490e+01, 1.38699827e+01, -4.73195314e+00,
    3.77397919e+01, 4.14769697e+00, -2.20888782e+00, 1.80210991e+01,
    5.60480070e+00, -4.98577070e+00, 4.10709152e+01, 1.66002331e+01,
    -5.54650974e+00, 4.53145676e+01, 2.76771679e+01, -9.04134083e+00,
    7.40498047e+01, 9.26281065e-02, -4.44358662e-02, 3.72080654e-01,
    8.90196085e-01, -4.43859488e-01, 3.76321936e+00, 2.67283463e+00,
    -1.47492981e+00, 1.26152601e+01, 6.84409380e+00, -3.19081473e+00,
    2.72228394e+01, 1.69383354e+01, -5.03227615e+00, 4.33120613e+01,
    -4.16325808e+00, 2.08145618e+00, -1.81675110e+01, -1.21480107e+00,
    5.96180677e-01, -5.19119978e+00, -4.00584078e+00, 1.83641922e+00,
    -1.61618938e+01, 7.34451771e+00, -6.18604422e+00, 5.74288177e+01,
    9.78788090e+00, -1.11627998e+01, 1.04924522e+02, 2.50082188e+01,
    -6.74764729e+00, 6.35422974e+01, 4.49772120e+00, -2.72249031e+00,
    2.60911694e+01, 2.29978752e+01, -5.83999920e+00, 6.19182625e+01,
    6.53722906e+00, -3.80508924e+00, 4.18233147e+01, 2.16717396e+01,
    -5.19235754e+00, 5.68475418e+01, 6.16275024e+00, -6.24625111e+00,
    6.97537003e+01, 4.49282408e+00, -4.27217531e+00, 5.00777626e+01,
    4.42841625e+00, -4.03332758e+00, 4.73768959e+01, 4.89576101e+00,
    -4.14248610e+00, 4.85449448e+01, 6.38389683e+00, -4.22961950e+00,
    4.93962364e+01, 4.20059509e+01, -9.00250912e+00, 1.05389862e+02,
    5.97136497e+01, -1.81027660e+01, 2.16286194e+02, 3.38123775e+00,
    -2.44772196e+00, 2.98772202e+01, 4.63804388e+00, -3.63893390e+00,
    4.49415169e+01, 3.62612176e+00, -3.11450696e+00, 3.93213615e+01,
    6.27232933e+00, -4.64005184e+00, 5.93059502e+01, 7.18969202e+00,
    -4.98418093e+00, 6.35532494e+01, 3.41078234e+00, -2.32632232e+00,
    2.95321732e+01, -4.27260697e-02, 8.28152709e-03, -1.05866477e-01,
    4.63031387e+00, -2.51152921e+00, 3.30018196e+01, 4.42256498e+00,
    -2.33135676e+00, 3.06946659e+01, 4.44632759e+01, -2.24284630e+01,
    3.03705658e+02, 3.35635710e+00, -1.61433053e+00, 2.18276558e+01,
    2.42385006e+01, -6.45438910e+00, 8.74154816e+01, 2.40559292e+01,
    -1.16102715e+01, 1.60179901e+02, 5.72205544e+00, -2.92530084e+00,
    4.11328850e+01, 5.58107281e+00, -2.36005187e+00, 3.37926178e+01,
    2.52340832e+01, -6.31839275e+00, 9.02592773e+01, 6.75338316e+00,
    -2.75934386e+00, 4.00385857e+01, 2.75713558e+01, -4.77579832e+00,
    6.89624939e+01, 5.99519157e+00, -2.34691763e+00, 3.52908401e+01,
    -2.21666508e+01, 6.38897181e+00, -9.75464554e+01, 7.77147245e+00,
    -3.42088723e+00, 5.54503021e+01, 1.10610008e+01, -3.92825294e+00,
    6.37342644e+01, 4.92784834e+00, -1.53232825e+00, 2.48572598e+01,
    5.79265404e+00, -1.82829785e+00, 3.01865101e+01, 9.19400311e+00,
    -2.88488173e+00, 4.87924423e+01, 7.33599854e+00, -2.33194757e+00,
    4.11040230e+01, 6.12929153e+00, -1.97585678e+00, 3.63669815e+01,
    -3.09122980e-01, 5.09228148e-02, -9.92172718e-01, 1.48352928e+01,
    -2.35742974e+00, 4.64203072e+01, 1.89568558e+01, -2.83303642e+00,
    5.83858795e+01, -3.93964052e-01, 5.23333289e-02, -1.28885615e+00,
    4.96996422e+01, -1.31213021e+00, 1.26596481e+02, 2.11226311e+01,
    -5.39915025e-01, 5.34933052e+01, 1.20335827e+01, -3.30390036e-01,
    4.46484718e+01, 3.51638260e+01, -1.62060425e-01, 1.03606651e+02,
    2.84289055e+01, 1.86829679e-02, 8.06780319e+01, 2.78381824e+01,
    3.71403098e-01, 7.83558884e+01, 2.43562832e+01, 7.24940121e-01,
    6.16437645e+01, 3.14172897e+01, 1.64205790e+00, 7.95583344e+01,
    3.23008690e+01, 2.71369386e+00, 1.22769051e+02, 1.31682348e+01,
    1.52957249e+00, 4.99458504e+01, 2.84463539e+01, 2.47132564e+00,
    8.03970642e+01, 2.39184837e+01, 2.13949966e+00, 6.66936951e+01,
    2.50945816e+01, 2.98293543e+00, 8.61704636e+01, 2.23983936e+01,
    3.43118978e+00, 8.46815567e+01, 5.98178978e+01, 8.39711666e+00,
    2.06826736e+02, 2.08936119e+01, 3.85726213e+00, 7.84011154e+01,
    6.13507414e+00, 3.85933661e+00, 7.42953415e+01, 3.18166618e+01,
    6.00804663e+00, 1.13796471e+02, 4.67157984e+00, 3.02590156e+00,
    5.60169868e+01, 2.42881608e+00, 2.88457823e+00, 5.09621353e+01,
    1.80622196e+01, 4.00340128e+00, 6.79275894e+01, 1.05572853e+01,
