%YAML:1.0
RMAT: !!opencv-matrix
   rows: 3
   cols: 3
   dt: f
   data: [ 1.12290315e-01, 9.90758240e-01, -7.60857761e-02,
       -6.62709892e-01, 1.31723732e-01, 7.37200379e-01, 7.40409672e-01,
       -3.23576704e-02, 6.71376586e-01 ]
RVEC: !!opencv-matrix
   rows: 3
   cols: 1
   dt: f
   data: [ -6.21248484e-01, -6.59140050e-01, -1.33481097e+00 ]
TVEC: !!opencv-matrix
   rows: 3
   cols: 1
   dt: f
   data: [ 2.08922076e+00, 5.99564075e+00, 1.95952988e+01 ]
