%YAML:1.0
RMAT: !!opencv-matrix
   rows: 3
   cols: 3
   dt: f
   data: [ 2.12821871e-01, 9.76545572e-01, -3.26431431e-02,
       -9.13528979e-01, 2.10719094e-01, 3.47940058e-01, 3.46657872e-01,
       -4.42287996e-02, 9.36948299e-01 ]
RVEC: !!opencv-matrix
   rows: 3
   cols: 1
   dt: f
   data: [ -2.77008206e-01, -2.67919004e-01, -1.33505285e+00 ]
TVEC: !!opencv-matrix
   rows: 3
   cols: 1
   dt: f
   data: [ -6.75377941e+00, -1.39143908e+00, 2.71331997e+01 ]
