%YAML:1.0
Findamental: !!opencv-matrix
   rows: 3
   cols: 3
   dt: f
   data: [ 1.09610141e-06, 5.28307755e-05, -1.31609365e-02,
       -5.00969909e-05, -5.00110127e-06, 1.38837798e-02, 1.28686000e-02,
       -1.74399763e-02, 1. ]
cameraMatrix: !!opencv-matrix
   rows: 3
   cols: 3
   dt: f
   data: [ 5.25274902e+02, 0., 3.11644287e+02, 0., 5.22806885e+02,
       2.33259628e+02, 0., 0., 1. ]
Essential: !!opencv-matrix
   rows: 3
   cols: 3
   dt: f
   data: [ 3.02429408e-01, 1.45082464e+01, -2.60565758e-01,
       -1.37575026e+01, -1.36693621e+00, -1.51363897e+00, 8.00827920e-01,
       -1.11991608e+00, 1.12453237e-01 ]
R1: !!opencv-matrix
   rows: 3
   cols: 3
   dt: f
   data: [ 5.75754559e-04, 2.77506802e-02, -6.91310978e+00,
       -2.61910520e-02, -2.61461013e-03, 7.25853586e+00, 1.52458821e-03,
       -2.14212202e-03, 1.36994615e-01 ]
37564e-01, -9.09443945e-02, -2.95980517e-02, 5.23437798e-01,
    -4.28161919e-02, -2.91422606e-02, 5.13252795e-01, -2.75627580e-02,
    -2.44606640e-02, 5.42749465e-01, -8.73177275e-02, -2.85523050e-02,
    5.24832547e-01, -4.53221388e-02, -2.68916450e-02, 5.09567857e-01,
    -3.85680087e-02, -2.71600839e-02, 5.13055921e-01, -2.69894302e-02,
    -2.39507053e-02, 5.29847085e-01, -1.05836757e-01, -2.58308686e-02,
    5.33055365e-01, -7.14639723e-02, -3.02290786e-02, 4.81111079e-01,
    -1.28924653e-01, -2.70322114e-02, 5.15094697e-01, -1.21406384e-01,
    -2.64491774e-02, 5.15455246e-01, -3.70459184e-02, -2.48953085e-02,
    5.07380128e-01, -3.96657214e-02, -2.36750990e-02, 5.00657737e-01,
    -2.59626750e-02, -2.30397973e-02, 5.12292743e-01, -1.82780847e-02,
    -2.37968490e-02, 5.01030147e-01, -3.96877760e-03, -1.33374566e-02,
    3.78063023e-01, 1.01434570e-02, -2.28247531e-02, 5.02331316e-01,
    -1.19624384e-01, -2.35428512e-02, 5.16093671e-01, -2.48595215e-02,
    -2.20577996e-02, 4.93408084e-01, -1.59101766e-02, -2.04195026e-02,
    5.00338376e-01, -8.34481046e-02, -2.07884163e-02, 5.27027547e-01,
    -7.83804357e-02, -2.03433391e-02, 5.23934007e-01, -5.40778833e-03,
    -1.81859825e-02, 5.16051233e-01, 6.25815988e-03, -1.90639682e-02,
    5.02081633e-01, -1.23511665e-01, -2.08428651e-02, 5.12176514e-01,
    -1.16147652e-01, -2.06777900e-02, 5.14053404e-01, -2.37552579e-02,
    -2.10817344e-02, 4.69168633e-01, -1.59124602e-02, -1.85163189e-02,
    4.99951482e-01, -8.85825902e-02, -1.86488610e-02, 5.21535933e-01,
    -5.44956094e-03, -1.78544130e-02, 4.90977287e-01, -8.01096261e-02,
    -1.77791119e-02, 5.30717313e-01, 3.34887858e-03, -1.62459612e-02,
    5.01872420e-01, -8.28753486e-02, -1.68889612e-02, 5.29841661e-01,
    -5.74210249e-02, -1.12131601e-02, 5.73182166e-01, -3.34292203e-02,
    -1.59705617e-02, 4.98612374e-01, -4.22444716e-02, -1.53702358e-02,
    5.09529948e-01, -1.32627755e-01, -1.62076596e-02, 5.12919605e-01,
    -1.02372840e-01, -1.42108407e-02, 5.16982734e-01, -3.33911292e-02,
    -1.20698465e-02, 5.01759470e-01, -2.36708540e-02, -1.18523166e-02,
    5.04064977e-01, -1.17166638e-01, -1.30824437e-02, 5.13681829e-01,
    -1.06964879e-01, -1.24179563e-02, 5.15422046e-01, -4.04026806e-02,
    -1.11577446e-02, 5.04796326e-01, -5.08680679e-02, -1.00181010e-02,
    5.00417709e-01, 6.43440150e-03, -8.91975872e-03, 5.06488919e-01,
    -9.79313925e-02, -1.03861224e-02, 5.14612854e-01, -9.64491069e-02,
    -1.06045576e-02, 5.22979677e-01, 2.50524981e-03, -8.10507592e-03,
    5.03191650e-01, -6.80724531e-02, -7.35905766e-03, 5.22419691e-01,
    -3.72780524e-02, -7.36743584e-03, 5.01585007e-01, -1.75886899e-02,
    -6.60828035e-03, 4.99553859e-01, -8.07262864e-03, -6.35629147e-03,
    5.03712237e-01, -8.12910274e-02, -6.96767680e-03, 5.26441574e-01,
    -6.26684204e-02, -6.26620604e-03, 5.24832428e-01, -9.24994722e-02,
    -5.89227164e-03, 5.20643711e-01, -1.71063710e-02, -4.51361015e-03,
    4.86000955e-01, -1.57948695e-02, -4.56117792e-03, 5.04295349e-01,
    -7.96121452e-03, -4.00587125e-03, 5.02140403e-01, 2.53423769e-03,
    -3.83952353e-03, 5.01901507e-01, -1.26317769e-01, -6.20901072e-03,
    5.09914517e-01, -1.21707007e-01, -6.10786863e-03, 5.10952473e-01,
    -3.21171014e-03, -2.97757122e-03, 5.02001822e-01, -1.57057699e-02,
    -1.82828680e-03, 4.98709917e-01, -1.19374134e-02, -1.09987613e-03,
    5.07170379e-01, -1.20811969e-01, -2.29323911e-03, 5.10901868e-01,
    -1.06984273e-01, -1.63817103e-03, 5.09521663e-01, -4.36877199e-02,
    -3.05758964e-04, 5.02216518e-01, -1.58631094e-02, 7.55971472e-04,
    5.07846236e-01, -1.26186460e-02, 4.54058318e-04, 4.91733491e-01,
    -8.16698931e-03, 3.03927489e-04, 5.03103673e-01, -5.23758493e-03,
    8.99145729e-04, 5.06392539e-01, -5.75664900e-02, 7.31111446e-04,
    5.15844226e-01, -1.04197986e-01, 2.08645084e-04, 5.05332232e-01,
    -1.07926317e-01, 1.18600822e-03, 5.09082854e-01, -5.74073121e-02,
    2.74112052e-03, 5.39637029e-01, -5.10810390e-02, 2.56828940e-03,
    5.08397460e-01, -1.12535127e-01, 2.03078240e-03, 5.07891357e-01,
    -9.50030610e-02, 3.25704156e-03, 5.07261336e-01, -8.77531245e-02,
    3.44625837e-03, 5.10126829e-01, -8.41966495e-02, 3.55479028e-03,
    5.12188196e-01, -7.12363794e-02, 4.48155776e-03, 5.23234427e-01,
    -1.25513330e-01, 3.65442410e-03, 5.05420506e-01, -3.51523086e-02,
    7.03520840e-03, 5.04975975e-01, -1.40964473e-02, 7.44534424e-03,
    5.07631540e-01, -1.21887162e-01, 5.53510943e-03, 5.02185166e-01,
    -8.45800117e-02, 6.16260432e-03, 5.02341211e-01, -8.91824886e-02,
    7.00392853e-03, 5.01052022e-01, -4.84617539e-02, 8.89677927e-03,
    5.13295829e-01, -1.19095102e-01, 8.42645206e-03, 5.02162635e-01,
    -2.02954169e-02, 1.17697138e-02, 5.15106976e-01, -7.87127484e-03,
    1.21119674e-02, 5.08511901e-01, -4.43242900e-02, 1.17376931e-02,
    5.09700894e-01, -5.97714372e-02, 1.32213850e-02, 5.45721233e-01,
    -3.04045603e-02, 1.27936145e-02, 5.03814578e-01, -1.26144871e-01,
    1.12224054e-02, 4.84821945e-01, -3.60101759e-02, 1.39026791e-02,
    5.15350580e-01, -2.39779968e-02, 1.39809474e-02, 5.09649992e-01,
    -1.25645667e-01, 1.20835444e-02, 5.01163602e-01, -8.34898725e-02,
    1.32347317e-02, 4.99831289e-01, -4.27900627e-02, 1.51269743e-02,
    5.12220323e-01, -3.26393656e-02, 1.55211734e-02, 5.22704124e-01,
    -1.20136693e-01, 1.35206906e-02, 4.97987092e-01, -8.17870423e-02,
    1.47153186e-02, 5.01217008e-01, -8.11660737e-02, 1.50837637e-02,
    4.92423594e-01, -5.10280505e-02, 1.74386948e-02, 5.38428128e-01,
    -2.24380437e-02, 1.74555499e-02, 5.16090095e-01, -2.56236549e-02,
    1.75968297e-02, 5.02520680e-01, -1.16577417e-01, 1.60802472e-02,
    4.83023226e-01, -8.83552879e-02, 1.74284037e-02, 5.00320613e-01,
    -3.48916911e-02, 1.86183583e-02, 5.12932062e-01, -3.32227312e-02,
    1.91425886e-02, 5.14780164e-01, -1.56424008e-02, 1.95190664e-02,
    5.18348515e-01, -7.34726340e-02, 1.90568585e-02, 4.97934610e-01,
    -3.01931538e-02, 2.01054905e-02, 5.12961626e-01, -4.68766727e-02,
    2.10491363e-02, 5.26191056e-01, -4.36361991e-02, 2.10296717e-02,
    5.22674561e-01, -1.94879416e-02, 2.12695245e-02, 5.14415562e-01,
    -9.38617513e-02, 2.09869687e-02, 4.94045526e-01, -9.00668278e-02,
    2.10489221e-02, 4.93893534e-01, -3.93291190e-02, 2.28972398e-02,
    5.17751515e-01, -1.48482891e-02, 2.37917043e-02, 5.18755019e-01,
    -2.40436308e-02, 2.38178782e-02, 5.04008770e-01, -9.84870084e-03,
    2.46977992e-02, 5.12347698e-01, -4.37757932e-02, 2.49205921e-02,
    5.27130425e-01, -3.96567844e-02, 2.49286797e-02, 5.24241209e-01,
    -8.11555758e-02, 2.46124901e-02, 4.98062402e-01, -7.43771642e-02,
    2.46159360e-02, 4.92417485e-01, -2.40818039e-02, 2.57133488e-02,
    5.03959119e-01, -1.22192994e-01, 2.43703015e-02, 4.97983158e-01,
    -9.20822173e-02, 2.57570408e-02, 4.94278729e-01, -5.19134291e-02,
    1.92042105e-02, 3.57424974e-01, -2.87898760e-02, 2.83113997e-02,
    5.19654155e-01, -4.51015979e-02, 2.91827880e-02, 5.29610634e-01,
    -2.60694325e-02, 2.85284687e-02, 5.04195094e-01, -1.92109551e-02,
    3.00040934e-02, 5.26265621e-01, -1.06185600e-01, 2.74280980e-02,
